1.000000e+00 0.000000e+00 0.000000e+00 0.000000e+00 0.000000e+00 1.000000e+00 0.000000e+00 0.000000e+00 0.000000e+00 0.000000e+00 1.000000e+00 0.000000e+00
9.999880e-01 -2.669898e-03 -4.106757e-03 3.453776e-03 2.659213e-03 9.999931e-01 -2.604869e-03 -1.166834e-02 4.113683e-03 2.593917e-03 9.999882e-01 6.390550e-01
9.999592e-01 -1.522114e-03 -8.901555e-03 -4.669290e-04 1.479682e-03 9.999875e-01 -4.771462e-03 -1.790397e-02 8.908707e-03 4.758096e-03 9.999490e-01 1.290940e+00
9.999087e-01 -1.536472e-03 -1.342227e-02 -1.411286e-02 1.445460e-03 9.999759e-01 -6.787815e-03 -2.772406e-02 1.343237e-02 6.767794e-03 9.998869e-01 1.975420e+00
9.998189e-01 -2.640002e-04 -1.903034e-02 -2.892862e-02 1.151861e-04 9.999694e-01 -7.820507e-03 -4.258751e-02 1.903182e-02 7.816899e-03 9.997883e-01 2.662554e+00
9.997100e-01 -1.385870e-03 -2.404328e-02 -4.887664e-02 1.179759e-03 9.999625e-01 -8.584565e-03 -5.812041e-02 2.405427e-02 8.553709e-03 9.996741e-01 3.386543e+00
9.995706e-01 4.460750e-04 -2.929794e-02 -7.366350e-02 -7.515249e-04 9.999455e-01 -1.041546e-02 -7.451704e-02 2.929170e-02 1.043300e-02 9.995165e-01 4.115104e+00
9.993924e-01 3.073718e-03 -3.471821e-02 -1.106457e-01 -3.478559e-03 9.999266e-01 -1.160638e-02 -9.008689e-02 3.467999e-02 1.172010e-02 9.993297e-01 4.867242e+00
9.992119e-01 3.229392e-03 -3.956281e-02 -1.467499e-01 -3.651812e-03 9.999370e-01 -1.060959e-02 -1.050061e-01 3.952606e-02 1.074571e-02 9.991608e-01 5.624184e+00
9.990045e-01 2.346050e-03 -4.454684e-02 -1.851448e-01 -2.727392e-03 9.999601e-01 -8.501627e-03 -1.212306e-01 4.452512e-02 8.614661e-03 9.989711e-01 6.392021e+00
9.988259e-01 1.957989e-03 -4.840489e-02 -2.304757e-01 -2.267127e-03 9.999774e-01 -6.332414e-03 -1.395871e-01 4.839140e-02 6.434719e-03 9.988077e-01 7.170528e+00
9.986712e-01 3.558847e-03 -5.141269e-02 -2.797433e-01 -3.948651e-03 9.999642e-01 -7.482275e-03 -1.592407e-01 5.138422e-02 7.675343e-03 9.986495e-01 7.951186e+00
9.985326e-01 3.083778e-03 -5.406547e-02 -3.294240e-01 -3.538844e-03 9.999591e-01 -8.323229e-03 -1.747351e-01 5.403759e-02 8.502345e-03 9.985027e-01 8.753840e+00
9.984124e-01 4.096724e-04 -5.632463e-02 -3.773083e-01 -9.480865e-04 9.999541e-01 -9.532734e-03 -1.923560e-01 5.631814e-02 9.571001e-03 9.983670e-01 9.551613e+00
9.982678e-01 4.990577e-04 -5.883078e-02 -4.311141e-01 -1.055938e-03 9.999549e-01 -9.435096e-03 -2.091742e-01 5.882342e-02 9.480875e-03 9.982234e-01 1.037422e+01
9.981530e-01 -9.307380e-04 -6.074318e-02 -4.837819e-01 3.098194e-04 9.999476e-01 -1.023065e-02 -2.316707e-01 6.074952e-02 1.019293e-02 9.981010e-01 1.120342e+01
9.980031e-01 1.411441e-03 -6.314895e-02 -5.429194e-01 -2.240728e-03 9.999122e-01 -1.306334e-02 -2.556464e-01 6.312496e-02 1.317875e-02 9.979186e-01 1.203091e+01
9.978762e-01 1.989895e-03 -6.510872e-02 -6.048047e-01 -3.060356e-03 9.998617e-01 -1.634553e-02 -2.779639e-01 6.506719e-02 1.651008e-02 9.977443e-01 1.288002e+01
9.977120e-01 5.771819e-03 -6.736134e-02 -6.735098e-01 -7.040286e-03 9.998021e-01 -1.860861e-02 -3.003573e-01 6.724060e-02 1.904028e-02 9.975551e-01 1.373841e+01
9.976121e-01 7.042818e-03 -6.870548e-02 -7.420368e-01 -8.357095e-03 9.997872e-01 -1.886050e-02 -3.275627e-01 6.855803e-02 1.938964e-02 9.974587e-01 1.459104e+01
9.975055e-01 6.395046e-03 -7.029793e-02 -8.069030e-01 -7.670081e-03 9.998107e-01 -1.788266e-02 -3.570855e-01 7.017026e-02 1.837724e-02 9.973657e-01 1.544874e+01
9.973598e-01 7.298965e-03 -7.225018e-02 -8.781458e-01 -8.551888e-03 9.998181e-01 -1.704733e-02 -3.820546e-01 7.211261e-02 1.762020e-02 9.972408e-01 1.633994e+01
9.972517e-01 7.070030e-03 -7.374937e-02 -9.493785e-01 -8.388084e-03 9.998103e-01 -1.757768e-02 -4.108865e-01 7.361111e-02 1.814799e-02 9.971219e-01 1.721841e+01
9.970810e-01 7.677272e-03 -7.596444e-02 -1.022142e+00 -9.141867e-03 9.997786e-01 -1.895109e-02 -4.446303e-01 7.580213e-02 1.959023e-02 9.969304e-01 1.808203e+01
9.969742e-01 6.708651e-03 -7.744313e-02 -1.096734e+00 -8.311876e-03 9.997574e-01 -2.039823e-02 -4.734039e-01 7.728749e-02 2.098021e-02 9.967881e-01 1.897990e+01
9.968933e-01 7.984694e-03 -7.835828e-02 -1.170491e+00 -9.522635e-03 9.997689e-01 -1.927303e-02 -5.069665e-01 7.818628e-02 1.995934e-02 9.967389e-01 1.983682e+01
9.968366e-01 9.682174e-03 -7.888666e-02 -1.248439e+00 -1.101100e-02 9.998044e-01 -1.642725e-02 -5.378537e-01 7.871218e-02 1.724390e-02 9.967482e-01 2.073577e+01
9.968464e-01 1.101176e-02 -7.858731e-02 -1.324838e+00 -1.209348e-02 9.998384e-01 -1.330189e-02 -5.663473e-01 7.842813e-02 1.421033e-02 9.968185e-01 2.164261e+01
9.969413e-01 1.019291e-02 -7.748697e-02 -1.402046e+00 -1.109393e-02 9.998757e-01 -1.120649e-02 -5.889307e-01 7.736311e-02 1.203184e-02 9.969304e-01 2.256184e+01
9.970392e-01 1.075796e-02 -7.613880e-02 -1.481959e+00 -1.163375e-02 9.998711e-01 -1.106831e-02 -6.145412e-01 7.600991e-02 1.192132e-02 9.970358e-01 2.348317e+01
9.970967e-01 1.109714e-02 -7.533296e-02 -1.561951e+00 -1.224178e-02 9.998163e-01 -1.474966e-02 -6.368269e-01 7.515544e-02 1.562905e-02 9.970493e-01 2.445045e+01
9.971008e-01 1.260911e-02 -7.503941e-02 -1.640022e+00 -1.417271e-02 9.996926e-01 -2.034103e-02 -6.662711e-01 7.475986e-02 2.134557e-02 9.969731e-01 2.539792e+01
9.971554e-01 1.230493e-02 -7.436249e-02 -1.716551e+00 -1.411815e-02 9.996145e-01 -2.390721e-02 -7.003066e-01 7.403964e-02 2.488907e-02 9.969447e-01 2.631321e+01
9.971915e-01 1.027669e-02 -7.418512e-02 -1.787528e+00 -1.205029e-02 9.996512e-01 -2.349987e-02 -7.366595e-01 7.391775e-02 2.432783e-02 9.969676e-01 2.723356e+01
9.971460e-01 9.453266e-03 -7.490360e-02 -1.858561e+00 -1.090993e-02 9.997588e-01 -1.906191e-02 -7.749294e-01 7.470534e-02 1.982470e-02 9.970086e-01 2.814002e+01
9.970722e-01 6.586821e-03 -7.618158e-02 -1.926701e+00 -7.836415e-03 9.998394e-01 -1.611555e-02 -8.146870e-01 7.606320e-02 1.666536e-02 9.969637e-01 2.904402e+01
9.969847e-01 1.828798e-04 -7.759754e-02 -1.989054e+00 -1.540625e-03 9.998468e-01 -1.743777e-02 -8.526967e-01 7.758246e-02 1.750474e-02 9.968323e-01 2.996018e+01
9.968220e-01 -1.786989e-03 -7.964108e-02 -2.062212e+00 4.093693e-05 9.997597e-01 -2.192025e-02 -8.857256e-01 7.966112e-02 2.184733e-02 9.965826e-01 3.091660e+01
9.966567e-01 -1.269785e-03 -8.169318e-02 -2.134646e+00 -8.956628e-04 9.996493e-01 -2.646497e-02 -9.234646e-01 8.169814e-02 2.644966e-02 9.963061e-01 3.186107e+01
9.964428e-01 4.208039e-04 -8.427031e-02 -2.225978e+00 -2.796021e-03 9.996021e-01 -2.806965e-02 -9.583675e-01 8.422496e-02 2.820543e-02 9.960475e-01 3.285190e+01
9.963400e-01 8.260285e-04 -8.547473e-02 -2.318594e+00 -3.187992e-03 9.996167e-01 -2.750067e-02 -9.960700e-01 8.541925e-02 2.767251e-02 9.959607e-01 3.382453e+01
9.961798e-01 4.180164e-03 -8.722626e-02 -2.411717e+00 -6.404835e-03 9.996609e-01 -2.524035e-02 -1.039775e+00 8.709118e-02 2.570259e-02 9.958687e-01 3.479637e+01
9.960045e-01 4.691594e-03 -8.918012e-02 -2.501234e+00 -6.904590e-03 9.996754e-01 -2.452262e-02 -1.083489e+00 8.903613e-02 2.504040e-02 9.957136e-01 3.575566e+01
9.958586e-01 6.366441e-03 -9.069287e-02 -2.591300e+00 -8.443342e-03 9.997104e-01 -2.253515e-02 -1.123821e+00 9.052313e-02 2.320757e-02 9.956239e-01 3.670900e+01
9.958125e-01 6.825041e-03 -9.116421e-02 -2.681214e+00 -8.689524e-03 9.997608e-01 -2.007069e-02 -1.166318e+00 9.100542e-02 2.077882e-02 9.956336e-01 3.765696e+01
9.956484e-01 1.304965e-02 -9.227072e-02 -2.780883e+00 -1.479981e-02 9.997228e-01 -1.830888e-02 -1.204950e+00 9.200622e-02 1.959480e-02 9.955656e-01 3.861033e+01
9.955753e-01 1.356038e-02 -9.298385e-02 -2.876408e+00 -1.541787e-02 9.996951e-01 -1.928723e-02 -1.248340e+00 9.269395e-02 2.063550e-02 9.954808e-01 3.956887e+01
9.955217e-01 1.438816e-02 -9.343176e-02 -2.966059e+00 -1.646318e-02 9.996338e-01 -2.147619e-02 -1.292245e+00 9.308854e-02 2.291820e-02 9.953940e-01 4.051181e+01
9.954230e-01 1.704851e-02 -9.403435e-02 -3.066404e+00 -1.941397e-02 9.995162e-01 -2.429799e-02 -1.333987e+00 9.357462e-02 2.601235e-02 9.952724e-01 4.147011e+01
9.952641e-01 1.685601e-02 -9.573535e-02 -3.155001e+00 -1.931417e-02 9.995056e-01 -2.480813e-02 -1.376286e+00 9.526986e-02 2.653969e-02 9.950976e-01 4.240406e+01
9.951330e-01 1.507351e-02 -9.738090e-02 -3.248330e+00 -1.751313e-02 9.995526e-01 -2.424631e-02 -1.416292e+00 9.697185e-02 2.583375e-02 9.949518e-01 4.334579e+01
9.949955e-01 1.606850e-02 -9.861893e-02 -3.350008e+00 -1.849989e-02 9.995458e-01 -2.378952e-02 -1.458449e+00 9.819188e-02 2.549490e-02 9.948409e-01 4.428228e+01
9.948416e-01 1.869452e-02 -9.970307e-02 -3.446948e+00 -2.158424e-02 9.993753e-01 -2.798366e-02 -1.503459e+00 9.911765e-02 2.999132e-02 9.946237e-01 4.523352e+01
9.946655e-01 1.955717e-02 -1.012823e-01 -3.542772e+00 -2.298673e-02 9.991974e-01 -3.280565e-02 -1.547664e+00 1.005594e-01 3.495880e-02 9.943167e-01 4.616760e+01
9.945280e-01 2.062381e-02 -1.024142e-01 -3.647298e+00 -2.429206e-02 9.991025e-01 -3.470064e-02 -1.592252e+00 1.016066e-01 3.699861e-02 9.941364e-01 4.711115e+01
9.944770e-01 1.942982e-02 -1.031402e-01 -3.738991e+00 -2.281768e-02 9.992347e-01 -3.176944e-02 -1.639633e+00 1.024440e-01 3.394740e-02 9.941593e-01 4.804110e+01
9.944036e-01 1.734644e-02 -1.042143e-01 -3.825209e+00 -2.050086e-02 9.993612e-01 -2.927402e-02 -1.684609e+00 1.036399e-01 3.124667e-02 9.941239e-01 4.896995e+01
9.943184e-01 1.526594e-02 -1.053468e-01 -3.910943e+00 -1.843488e-02 9.994044e-01 -2.917310e-02 -1.731049e+00 1.048387e-01 3.094940e-02 9.940075e-01 4.989272e+01
9.942895e-01 1.256916e-02 -1.059738e-01 -4.016537e+00 -1.594927e-02 9.993887e-01 -3.110875e-02 -1.776905e+00 1.055181e-01 3.262131e-02 9.938822e-01 5.083433e+01
9.942310e-01 1.046498e-02 -1.067483e-01 -4.123651e+00 -1.406972e-02 9.993539e-01 -3.307154e-02 -1.825221e+00 1.063333e-01 3.438266e-02 9.937359e-01 5.175990e+01
9.941133e-01 9.483525e-03 -1.079300e-01 -4.233753e+00 -1.305632e-02 9.993883e-01 -3.244452e-02 -1.872057e+00 1.075563e-01 3.366270e-02 9.936289e-01 5.266999e+01
9.939917e-01 6.916294e-03 -1.092369e-01 -4.337395e+00 -1.013562e-02 9.995297e-01 -2.894334e-02 -1.916556e+00 1.089854e-01 2.987662e-02 9.935943e-01 5.357169e+01
9.938944e-01 6.419675e-03 -1.101483e-01 -4.443723e+00 -9.193427e-03 9.996528e-01 -2.469261e-02 -1.955469e+00 1.099516e-01 2.555448e-02 9.936084e-01 5.449953e+01
9.937547e-01 8.780987e-03 -1.112407e-01 -4.554843e+00 -1.142259e-02 9.996672e-01 -2.313174e-02 -1.996747e+00 1.110006e-01 2.425793e-02 9.935242e-01 5.541462e+01
9.935140e-01 1.035797e-02 -1.132367e-01 -4.667096e+00 -1.357300e-02 9.995253e-01 -2.765810e-02 -2.043913e+00 1.128965e-01 2.901567e-02 9.931830e-01 5.632289e+01
9.932561e-01 1.216562e-02 -1.153011e-01 -4.772817e+00 -1.640543e-02 9.992209e-01 -3.589437e-02 -2.096590e+00 1.147746e-01 3.754387e-02 9.926818e-01 5.720721e+01
9.930585e-01 1.457722e-02 -1.167148e-01 -4.877628e+00 -1.950500e-02 9.989609e-01 -4.119038e-02 -2.151302e+00 1.159930e-01 4.318098e-02 9.923109e-01 5.806236e+01
9.927754e-01 1.949120e-02 -1.183939e-01 -4.993979e+00 -2.449266e-02 9.988615e-01 -4.093709e-02 -2.200806e+00 1.174612e-01 4.354112e-02 9.921225e-01 5.894449e+01
9.925233e-01 2.264990e-02 -1.199352e-01 -5.108619e+00 -2.752645e-02 9.988537e-01 -3.916040e-02 -2.256431e+00 1.189108e-01 4.216900e-02 9.920091e-01 5.981969e+01
9.922476e-01 2.553013e-02 -1.216257e-01 -5.218006e+00 -3.035726e-02 9.988164e-01 -3.800189e-02 -2.314445e+00 1.205116e-01 4.139951e-02 9.918483e-01 6.065312e+01
9.920087e-01 2.662648e-02 -1.233281e-01 -5.325839e+00 -3.161716e-02 9.987510e-01 -3.868767e-02 -2.367125e+00 1.221440e-01 4.227779e-02 9.916115e-01 6.147400e+01
9.916792e-01 2.869932e-02 -1.254935e-01 -5.434680e+00 -3.374610e-02 9.986972e-01 -3.827589e-02 -2.419688e+00 1.242316e-01 4.219233e-02 9.913558e-01 6.228109e+01
9.914000e-01 2.992465e-02 -1.273995e-01 -5.540567e+00 -3.505267e-02 9.986551e-01 -3.820123e-02 -2.473056e+00 1.260850e-01 4.233839e-02 9.911156e-01 6.307396e+01
9.911132e-01 3.025014e-02 -1.295362e-01 -5.642438e+00 -3.548666e-02 9.986356e-01 -3.830927e-02 -2.523235e+00 1.282006e-01 4.256563e-02 9.908344e-01 6.385152e+01
9.908594e-01 3.020853e-02 -1.314725e-01 -5.749338e+00 -3.545753e-02 9.986573e-01 -3.776806e-02 -2.570032e+00 1.301550e-01 4.208452e-02 9.906001e-01 6.462802e+01
9.905227e-01 3.311339e-02 -1.332974e-01 -5.861269e+00 -3.818524e-02 9.986337e-01 -3.567361e-02 -2.613307e+00 1.319340e-01 4.042551e-02 9.904338e-01 6.539016e+01
9.902280e-01 3.460401e-02 -1.350966e-01 -5.975320e+00 -3.929982e-02 9.987070e-01 -3.224738e-02 -2.651950e+00 1.338060e-01 3.724153e-02 9.903075e-01 6.616855e+01
9.898049e-01 3.778306e-02 -1.373268e-01 -6.089076e+00 -4.244284e-02 9.986128e-01 -3.116275e-02 -2.691554e+00 1.359588e-01 3.667358e-02 9.900355e-01 6.692151e+01
9.894060e-01 4.046537e-02 -1.394216e-01 -6.208139e+00 -4.589259e-02 9.982999e-01 -3.593296e-02 -2.734120e+00 1.377306e-01 4.195070e-02 9.895809e-01 6.766374e+01
9.891136e-01 4.046919e-02 -1.414797e-01 -6.320285e+00 -4.708412e-02 9.979335e-01 -4.372346e-02 -2.781487e+00 1.394179e-01 4.990892e-02 9.889751e-01 6.837283e+01
9.888631e-01 3.955280e-02 -1.434759e-01 -6.429344e+00 -4.717675e-02 9.976279e-01 -5.012949e-02 -2.825501e+00 1.411528e-01 5.633994e-02 9.883834e-01 6.905572e+01
9.886881e-01 4.023284e-02 -1.444892e-01 -6.535764e+00 -4.817616e-02 9.974894e-01 -5.190252e-02 -2.866984e+00 1.420383e-01 5.827634e-02 9.881442e-01 6.971662e+01
9.883770e-01 4.316026e-02 -1.457675e-01 -6.642268e+00 -5.078688e-02 9.975063e-01 -4.900925e-02 -2.910913e+00 1.432887e-01 5.584269e-02 9.881042e-01 7.037424e+01
9.880801e-01 4.342408e-02 -1.476892e-01 -6.743581e+00 -5.090174e-02 9.975861e-01 -4.723250e-02 -2.962485e+00 1.452817e-01 5.418713e-02 9.879054e-01 7.101913e+01
9.879272e-01 4.021787e-02 -1.496077e-01 -6.835650e+00 -4.832423e-02 9.975315e-01 -5.094804e-02 -3.011971e+00 1.471894e-01 5.756263e-02 9.874319e-01 7.164343e+01
9.880942e-01 3.201083e-02 -1.504828e-01 -6.916287e+00 -4.095484e-02 9.975500e-01 -5.671632e-02 -3.060428e+00 1.482986e-01 6.220407e-02 9.869844e-01 7.224795e+01
9.882369e-01 2.759477e-02 -1.504206e-01 -6.996173e+00 -3.731397e-02 9.973673e-01 -6.217851e-02 -3.104660e+00 1.483087e-01 6.705988e-02 9.866648e-01 7.283244e+01
9.885351e-01 3.006352e-02 -1.479677e-01 -7.087508e+00 -3.978353e-02 9.972092e-01 -6.317457e-02 -3.147020e+00 1.456556e-01 6.833696e-02 9.869724e-01 7.340656e+01
9.888953e-01 3.510585e-02 -1.444082e-01 -7.179837e+00 -4.430239e-02 9.971560e-01 -6.096893e-02 -3.189451e+00 1.418572e-01 6.668952e-02 9.876381e-01 7.396532e+01
9.895389e-01 3.352700e-02 -1.403166e-01 -7.255390e+00 -4.211709e-02 9.973866e-01 -5.870384e-02 -3.230843e+00 1.379817e-01 6.399946e-02 9.883649e-01 7.450991e+01
9.903725e-01 3.006571e-02 -1.351237e-01 -7.320546e+00 -3.783568e-02 9.977523e-01 -5.530697e-02 -3.272433e+00 1.331572e-01 5.988700e-02 9.892839e-01 7.503851e+01
9.915048e-01 2.585294e-02 -1.274746e-01 -7.377571e+00 -3.280608e-02 9.980687e-01 -5.275069e-02 -3.315087e+00 1.258646e-01 5.648450e-02 9.904381e-01 7.555823e+01
9.926592e-01 2.930132e-02 -1.173416e-01 -7.437988e+00 -3.582234e-02 9.979060e-01 -5.385481e-02 -3.353945e+00 1.155179e-01 5.766292e-02 9.916303e-01 7.606741e+01
9.941270e-01 3.435193e-02 -1.026227e-01 -7.496713e+00 -4.020321e-02 9.976488e-01 -5.550360e-02 -3.390879e+00 1.004747e-01 5.930339e-02 9.931706e-01 7.656584e+01
9.956010e-01 3.940808e-02 -8.500430e-02 -7.540896e+00 -4.427686e-02 9.974388e-01 -5.617290e-02 -3.425007e+00 8.257292e-02 5.968952e-02 9.947959e-01 7.705425e+01
9.972797e-01 3.775198e-02 -6.330921e-02 -7.559623e+00 -4.137759e-02 9.975181e-01 -5.697033e-02 -3.459231e+00 6.100134e-02 5.943493e-02 9.963666e-01 7.753357e+01
9.987129e-01 3.432716e-02 -3.733918e-02 -7.560568e+00 -3.643922e-02 9.976839e-01 -5.743734e-02 -3.495057e+00 3.528104e-02 5.872402e-02 9.976506e-01 7.799880e+01
9.994122e-01 3.337565e-02 -7.830431e-03 -7.548731e+00 -3.377028e-02 9.977857e-01 -5.730018e-02 -3.531473e+00 5.900661e-03 5.753093e-02 9.983263e-01 7.845671e+01
9.991277e-01 3.318770e-02 2.534475e-02 -7.523892e+00 -3.169055e-02 9.978511e-01 -5.734806e-02 -3.566306e+00 -2.719354e-02 5.649484e-02 9.980325e-01 7.890705e+01
9.974586e-01 3.327511e-02 6.300050e-02 -7.477786e+00 -2.960487e-02 9.978588e-01 -5.832064e-02 -3.601598e+00 -6.480623e-02 5.630731e-02 9.963080e-01 7.935828e+01
9.939102e-01 3.373841e-02 1.049014e-01 -7.409969e+00 -2.754578e-02 9.978223e-01 -5.993165e-02 -3.634371e+00 -1.066949e-01 5.667709e-02 9.926751e-01 7.980347e+01
9.880466e-01 3.365413e-02 1