1.0 0.0 0.0 0.0 0.0 1.0 0.0 0.0 0.0 0.0 1.0 0.0
0.9999915080483445 -0.0024494345017657265 -0.003314227182814754 -0.0029832792362105088 0.002442806371265999 0.999995011384021 -0.0020024744952986213 -0.008697364627071961 0.003319115579525783 0.0019943614751039788 0.9999925029689354 0.6666810512081842
0.999972037967567 -0.0010858612493545362 -0.007398931567302146 -0.014102854316052967 0.0010598435863301398 0.9999932451768565 -0.0035194221446061573 -0.01299670926148424 0.007402703192954923 0.003511482024242683 0.999966434176383 1.3527478545200649
0.9999364460638662 -0.0009617435995843587 -0.01123293739023264 -0.03165333403280242 0.0009064041851925558 0.9999874338104998 -0.004930583387856014 -0.01805035814795228 0.011237538192028253 0.00492008844841175 0.9999247524014208 2.0599378177393772
0.9998699233710564 0.0004352215128243083 -0.016122869477601227 -0.051854740393648395 -0.0005242075709915542 0.9999846525039375 -0.005515429539230565 -0.025364166549627472 0.016120221598337477 0.005523163840995197 0.9998548060177569 2.785214131034365
0.9997881033162097 -0.0006205860111006151 -0.020575795012047787 -0.07019991841719053 0.0005033797639847478 0.9999836224308479 -0.005701006831544844 -0.035405477632726785 0.020578995995630973 0.005689441368266003 0.9997720416078503 3.5265006587880543
0.9996829990978606 0.0012600171724512982 -0.025145847995859595 -0.09732786287149478 -0.0014360686100561868 0.9999745777268834 -0.006984383071490709 -0.04384851649906383 0.025136408288635045 0.007018280178736273 0.9996593943547372 4.281192889853143
0.999537835289594 0.003964872104826543 -0.030139602084029892 -0.12966289430636668 -0.004195977644243233 0.99996225183742 -0.0076084605437473475 -0.053429860569851814 0.03010829779645976 0.007731409278334531 0.999516741087597 5.053673490161555
0.9993926354356518 0.004368278670429436 -0.034572798244259254 -0.16291244614460532 -0.0045798848191229025 0.9999712483286972 -0.006043771255703949 -0.062245171963828984 0.034545403341462874 0.006198439917041729 0.9993839074402642 5.838694387590522
0.9992235379390256 0.003529816197010675 -0.03924107065601671 -0.19634137138757687 -0.003665336555741578 0.9999875631869138 -0.003382126465971944 -0.07120316741129638 0.039228644337375745 0.0035233321038476814 0.9992240487469953 6.638486682078653
0.9990765019400627 0.003187250362878862 -0.04284839210904821 -0.23430298329324376 -0.0032214438445281705 0.9999945454247506 -0.0007289858047869916 -0.0806415839748409 0.0428458349289983 0.0008663462768182221 0.9990813199501659 7.450672897948493
0.9989444673725769 0.00470216970914516 -0.0456928955718871 -0.2780051595615011 -0.004769455794387275 0.9999876962842555 -0.0013636610771876223 -0.08992677881125334 0.04568592121367776 0.001580151933975623 0.9989546034343719 8.270872613015097
0.9988362124379618 0.00417944710867409 -0.04804948433074985 -0.32215520101642475 -0.004262764678378102 0.9999895832163176 -0.0016316544220955766 -0.09643579479492642 0.04804216439630874 0.0018345791675930627 0.9988436237767131 9.092953123668925
0.998748987326297 0.001163753530502241 -0.04999105912475637 -0.3631202817340679 -0.001279794936348145 0.9999965606167612 -0.00228929674143115 -0.10279514315951717 0.049988223009180315 0.002350411106524361 0.998747041611646 9.925918746174482
0.9986405114321628 0.0012959577915172863 -0.052109974284292614 -0.4100873662958685 -0.001379439680452842 0.9999978222376705 -0.0015660990025169528 -0.1109884240214917 0.052107831202949026 0.0016358524751021205 0.9986401243260781 10.764436920847501
0.9985663093417025 -0.00012654474643327318 -0.053528588941956945 -0.4586720793344994 3.142280691622568e-05 0.9999984190969222 -0.0017778684610908007 -0.1226446492405273 0.05352872929835952 0.0017736375291717017 0.9985647346815419 11.613435017746383
0.9984564828492174 0.0021861247360735543 -0.055496600932013904 -0.5125986347695641 -0.0024154404845880485 0.9999888193129554 -0.004065328565844204 -0.13438549966536348 0.055487093126548793 0.0041931023981275194 0.998450599873947 12.470620400973612
0.9983749013529706 0.0025943786173416683 -0.056928249121456005 -0.5674314058840947 -0.0029793643914241465 0.9999732580341193 -0.006678817593952304 -0.14566453693261755 0.05690939936660548 0.00683757385481525 0.9983559324446931 13.333757023981645
0.9982564675686362 0.006543356915672068 -0.058661822658871494 -0.63030846683781 -0.007045505619240106 0.9999402562508181 -0.00835731892530321 -0.15704960530627146 0.05860363306106566 0.008756049869895673 0.9982429292425369 14.210181054672695
0.9981874476970112 0.00761271347547367 -0.0596981226979994 -0.690555944414554 -0.008106796684777526 0.9999348287914696 -0.008038533279645587 -0.17106039116156063 0.05963303704857517 0.008507923560812482 0.9981841093350701 15.098095410864925
0.9981048096502249 0.006870648974005704 -0.0611521310811229 -0.7474826972428177 -0.0072888919054059104 0.9999515296877707 -0.006618937216830764 -0.18610726008533374 0.06110369062403807 0.00705212434412716 0.9981065106161554 15.98981045542854
0.9980122101592711 0.007596472079858642 -0.06256134577312927 -0.8082271342508639 -0.00793234696183899 0.9999554199695193 -0.005122103597246731 -0.1995897235179384 0.06251964686946114 0.005608180232824968 0.9980279765967459 16.889209155060847
0.9979516470822705 0.007202287262416332 -0.0635660061980591 -0.869299915736397 -0.007539748179100982 0.9999587200440153 -0.005070542903069342 -0.2136418370568738 0.0635268626895568 0.005539428321203868 0.9979647551144765 17.792853076894243
0.9978435178364371 0.007089401326243286 -0.0652537684784401 -0.932144440798646 -0.007490244460984364 0.9999545406750223 -0.005900239090192102 -0.22741562811976054 0.06520897292334163 0.0063762820077373035 0.9978512578926986 18.700961361525117
0.9977794130653204 0.005775918820756657 -0.06635421331610425 -0.9931608276200229 -0.006231290475466517 0.9999584213335434 -0.006657824204639718 -0.24161402894956754 0.06631299934427187 0.007056512304641177 0.9977739181558422 19.61198539813742
0.9977411253028208 0.006170007181905797 -0.06689228573486156 -1.0583838617303503 -0.0065155427173335416 0.9999665288895796 -0.004948616334456487 -0.2558788215770162 0.06685951377745532 0.005373277575398069 0.9977479307448051 20.534193853506174
0.9977377422077748 0.0077744914906572715 -0.0667754075703895 -1.1262984866324888 -0.007893035129739422 0.99996770698882 -0.001511613695350923 -0.271048226421642 0.06676149916359451 0.0020352546732454947 0.9977668865861629 21.45655432343918
0.9977809180646257 0.009094146170084836 -0.06595859346247376 -1.1913446931655451 -0.008964691171340296 0.9999572660965174 0.0022583828246629215 -0.2849204192420482 0.06597631285782232 -0.001662072867646534 0.9978198052030585 22.38410470425815
0.9978941299738032 0.008094548574637784 -0.06435669077257927 -1.2538913608451847 -0.007784436469990563 0.9999568583314647 0.00506794087504325 -0.2929062383132396 0.06439493701114428 -0.004556287879522025 0.9979140906551476 23.32133400240414
0.9979893775127919 0.008508259236584857 -0.06280773755192379 -1.3165868744283344 -0.008161145187661428 0.9999499860740347 0.005781095031668611 -0.300653773413642 0.06285378334558848 -0.005256888366927506 0.9980089012848753 24.25969972753015
0.9980686969381047 0.008957083425043854 -0.061470699107695 -1.3773089749527265 -0.008791991158860821 0.9999569815353438 0.002955667469040363 -0.3100712882609512 0.06149452889269484 -0.0024095093363236484 0.9981045121534239 25.198526688629318
0.9981144467651695 0.010159262816452753 -0.06053379665677855 -1.4389852507353498 -0.010291948147142202 0.9999452682157779 -0.0018805255152497316 -0.31969325074520255 0.06051137878113919 0.002499990380622449 0.998164376786761 26.13225695444906
0.9981957087621752 0.009393434598387882 -0.05930506213826037 -1.4993961926182735 -0.009693699709233844 0.9999416026607124 -0.004777389901810272 -0.33130817653256944 0.05925672278083144 0.005343655562676467 0.998228473922931 27.079018660725783
0.9982609645370504 0.007072803855327992 -0.05852368859855092 -1.557130216967922 -0.007304960611774053 0.9999662723465977 -0.0037538939397769168 -0.3442951224411958 0.05849516417633615 0.004174879025159612 0.9982789620908123 28.039014722186536
0.9982644418250977 0.00554766195317117 -0.05862872704125175 -1.6163578496658622 -0.005485149271689288 0.9999842035246852 0.0012271261421974717 -0.3572295760780279 0.05863460859502294 -0.0009034090739593818 0.9982791025194078 29.0066771583873
0.9982326876207095 0.0018877016047600026 -0.05939644726904209 -1.6708294455448724 -0.0016098871750136637 0.9999875422062017 0.004724795835207775 -0.3707323087872262 0.05940462632502975 -0.00462082406633882 0.9982232908303293 29.98010486219201
0.9981593943321042 -0.0051257229346882115 -0.06042806029454768 -1.720304982929776 0.0053787333364748975 0.9999774338469143 0.00402504964390007 -0.38171007798704126 0.06040606537641521 -0.004342667537076785 0.9981644396112314 30.944077011707932
0.998054170554745 -0.007236337522149087 -0.0619314787288591 -1.77836600933773 0.007258321951482786 0.9999736495828747 0.00013000905896352275 -0.3891298438843746 0.06192890601912958 -0.0005792746950539298 0.9980803950785241 31.922290881655908
0.997974702958236 -0.006761935566965391 -0.06325162830162225 -1.8471576137422618 0.006532719436866106 0.9999713269753921 -0.003829987445526118 -0.3999761257248606 0.06327571281445618 0.0034090254416632502 0.9979902618329307 32.89471307118461
0.9978446146698783 -0.0051688346930209295 -0.06541718522098158 -1.9154970645012344 0.00487448920934672 0.9999772694313277 -0.00465832326209545 -0.41259563833860435 0.06543977635404878 0.004329407417007815 0.9978471285232778 33.87428487604583
0.9978048166329596 -0.0048598093913371386 -0.06604491015016548 -1.9883669622466145 0.004647745766367102 0.9999835402751731 -0.003364169737529921 -0.42624563395040654 0.06606017229280246 0.003049824816537624 0.9978109801987723 34.86784605239481
0.9977351036375401 -0.001431549552220201 -0.06725038018676553 -2.060535636335749 0.001400858201094898 0.9999988920264582 -0.0005035296983594931 -0.4456739018513444 0.06725102650283755 0.0004081810091658374 0.9977360035713753 35.847894096770496
0.9976525250138386 -0.0011634560062682322 -0.06846959692908726 -2.1342822457548833 0.0012241442088345169 0.999998894227787 0.0008444016580672106 -0.4612446485778182 0.0684685387931285 -0.0009262361068586616 0.9976528460753314 36.84614962491353
0.9975798856123334 0.00033633628974935825 -0.06952883358421866 -2.202911288543418 -9.659608880233533e-05 0.9999940392282343 0.003451402207358805 -0.4742336289581019 0.06952957997052316 -0.003436333205835985 0.9975739717550883 37.826289647812494
0.9975853378714089 0.0006300120092589957 -0.06944851869444635 -2.2748482164992394 -0.00017831387282640497 0.9999787933128716 0.006510079008453845 -0.4881430348494509 0.0694511473493952 -0.006481975732887591 0.9975642947311474 38.82113194138102
0.9975213136570656 0.006952321385174741 -0.0700206685717628 -2.3535445030415247 -0.006350254553561276 0.9999409625689426 0.008817349023488656 -0.49940582411197626 0.07007783577554573 -0.00835084451144207 0.9975065715718177 39.80357883578356
0.9975050844567208 0.00709418722729417 -0.0702373048356211 -2.4291973780569354 -0.006532336478129765 0.9999448309954094 0.008225785415346356 -0.5069305160891548 0.07029178517525599 -0.007746449066954744 0.997496394712146 40.801127844484604
0.997508392447082 0.007453167085138775 -0.07015309899097064 -2.5012300354518873 -0.0070125927333835264 0.9999541269889027 0.0065243743775021314 -0.5148208512589825 0.07019850810944343 -0.006016163084816727 0.9975148997588688 41.79195231419135
0.9974845955187026 0.009777393260247276 -0.0702060131607135 -2.5802121778406004 -0.00950122763514243 0.9999457603073529 0.004266511077694694 -0.5223706729735772 0.0702439205647933 -0.0035887357642146716 0.9975233894998665 42.783990749714356
0.997415924498858 0.009388547037488268 -0.07122730333664849 -2.6541555585074104 -0.009105512915877774 0.9999493099905713 0.004297334513387066 -0.5312383428214175 0.07126403855118534 -0.0036376687460558913 0.9974508530125532 43.77950549083819
0.9973385241620357 0.007531050469189742 -0.07252000759183971 -2.723586530833938 -0.007157709756202973 0.9999597670412658 0.0054066153760249204 -0.5396691624338766 0.072557807390631 -0.004873148633976523 0.9973523033557681 44.7606250828202
0.9972767491322361 0.008297236955199296 -0.0732819316008097 -2.801456349159258 -0.00784827392205706 0.9999486418345226 0.00641235446142826 -0.5491717368988264 0.07333137279964703 -0.0058197553388362345 0.9972906498163492 45.744146771489
0.9972303485253423 0.01082017603693667 -0.07358366510681065 -2.879446484235343 -0.010642968424197655 0.9999394419523928 0.0027999376885529752 -0.5601346340594829 0.07360950484239841 -0.002009034212736476 0.9972851169943275 46.71340731398337
0.9971533275902013 0.01155244791605355 -0.07451028266576942 -2.954850545847719 -0.01169484862663122 0.9999305248488062 -0.0014751241276854043 -0.5699187019427717 0.07448806475796074 0.0023423114094337054 0.9972191543416501 47.66788609845982
0.9971045431078933 0.012443424112350606 -0.07501793992077331 -3.0354724157555357 -0.012693264803693677 0.9999153627577357 -0.002854531430896302 -0.5795889659374986 0.07497607046398125 0.0037984888346328594 0.9971780986064395 48.63298099738384
0.9971167138876766 0.01141060661625979 -0.0750203768484784 -3.110451611580206 -0.011384615100366 0.9999348935301325 0.00077410587137441 -0.5982500558891137 0.07502432555415109 8.220421243824512e-05 0.9971817005027783 49.59996782666083
0.997122097144686 0.009565656796452472 -0.0752065262848465 -3.184783053708882 -0.009301424651332551 0.9999492794510633 0.0038629036690064566 -0.6111264872747668 0.07523966297928505 -0.0031522587699807413 0.9971604968004957 50.57091022603357
0.997118292685036 0.007925084132941783 -0.07544735538348599 -3.2595578898479682 -0.007609667477193363 0.9999610678720718 0.004467180434352194 -0.6228048745702397 0.07547982083817348 -0.0038801780413153905 0.9971397800030876 51.53010378189335
0.9971225612623175 0.004882335583772269 -0.07564893007122547 -3.331291999886677 -0.004655065344693564 0.9999841078600552 0.0031803135013441113 -0.6340266331296287 0.07566325520561713 -0.0028190116313397532 0.9971294424422101 52.48665877913428
0.9971003682551428 0.002504160954283232 -0.07605645799911513 -3.404224914366988 -0.002368332879846511 0.9999954357513745 0.0018760265962703597 -0.6477247263216597 0.07606080873108267 -0.001690459799793743 0.9971017479278832 53.43456425297728
0.997027713371634 0.001377052967473074 -0.07703143834859472 -3.4802196494756013 -0.0011434353475077766 0.9999946129744927 0.003076780395392002 -0.6602050776189909 0.07703526026784509 -0.002979554852687282 0.9970239169289502 54.3780863556485
0.9969405802846831 -0.0013878096254085596 -0.07815083727050315 -3.55351972548355 0.0019539108463109724 0.9999724027800899 0.007167699116081588 -0.6706376086244051 0.0781387331228354 -0.007298469884683591 0.9969157791525327 55.32458049518699
0.9968962648237032 -0.0018259552360742719 -0.07870516544689198 -3.628756254687468 0.002781640720604683 0.999923711592578 0.012034677803127685 -0.6774179633754317 0.07867718637221496 -0.01221625484342381 0.9968252923467346 56.27040512475086
0.9968562975871282 0.00035963521555916293 -0.07922999825440087 -3.7112572184017445 0.0007690228425192772 0.9998986750958502 0.014214364053033867 -0.6825340262403234 0.07922708226830208 -0.014230608000933405 0.9967550146506291 57.215330536638234
0.9967377568783264 0.0016376987184531955 -0.08069177130332103 -3.792210160804406 -0.0008132330338755841 0.9999471441187546 0.010249274158712515 -0.6890809268726944 0.08070429149179423 -0.010150217320600419 0.9966864052565143 58.14522786586065
0.9966116050070979 0.0032538448549491025 -0.08218711126955343 -3.8710571927942383 -0.003060926726011497 0.9999922569927603 0.002473192694641446 -0.6972455537401572 0.08219452227948051 -0.002213243815479885 0.9966138480169046 59.056237367304895
0.9965232167498056 0.005139395310862615 -0.08315687039839972 -3.952408762374341 -0.005354679941695278 0.9999828643921563 -0.0023660779322383567 -0.707988107451069 0.08314328524504887 0.0028031300180512693 0.9965336605357407 59.96550943008985
0.9963954146995835 0.01010628537645423 -0.08422612754681395 -4.037659611150951 -0.010266914778983994 0.9999462071696941 -0.0014741871880778377 -0.7224033765434561 0.08420669822860634 0.0023336158282965054 0.996445576140816 60.86725642083375
0.9962786825655453 0.013232109691697868 -0.08516864410430407 -4.120425922153778 -0.0132096854248287 0.9999124064194066 0.0008268612517943068 -0.741116334097461 0.0851721249965961 0.0003012667580748143 0.9963662069550054 61.74817113188939
0.9961474230679631 0.016037234846779908 -0.08621553580140459 -4.20362111515256 -0.01588172607323678 0.9998707785687874 0.0024893656186138076 -0.7606663110672994 0.0862443174475206 -0.0011105236232010049 0.9962733984430647 62.62743511236116
0.9960324300702923 0.016920991837349304 -0.08736748985467076 -4.281355809145492 -0.016779909513090774 0.999856448046704 0.002349028770054968 -0.7760797550060303 0.08739469597749118 -0.0008736902599957183 0.9961733803813128 63.47539660341986
0.9958531116949534 0.01878683379021293 -0.08901480103676451 -4.3627415197208315 -0.0185715205879878 0.999822263578111 0.0032465176102869373 -0.7896918620383498 0.08905997165127437 -0.0015799144542868408 0.9960250123966725 64.32191133493119
0.9957139561537502 0.019709865623145386 -0.09036171046279617 -4.4422758099342445 -0.019441172578475576 0.9998035790059608 0.0038528191817380204 -0.8043950785659116 0.09041990007414615 -0.0020795682221999676 0.9959015599277828 65.15276539353887
0.995582209154273 0.019860952985979445 -0.0917693160156667 -4.524526147648776 -0.01955221378191007 0.999799752220668 0.004262205499399219 -0.8150595529913942 0.0918355908769637 -0.0024490826816034013 0.9957711716264427 65.97635591825654
0.9954617298022771 0.019532861476555606 -0.09313652249033774 -4.60168807535945 -0.019120091275600756 0.9998030285366426 0.005322239995718184 -0.8232459576487099 0.09322213582979197 -0.0035173074214532077 0.9956391223429478 66.78211573004918
0.9952754754669147 0.022427625395911484 -0.09446549398169063 -4.684475338037981 -0.021770932068589984 0.9997311633891331 0.007976682611034997 -0.8318690587711515 0.09461899624794694 -0.005882394726045367 0.9954961792901662 67.57599008092286
0.9951273428914119 0.023913831777128556 -0.0956540646267101 -4.7678557373453 -0.022863507575505537 0.9996658333365636 0.012061578705157096 -0.837459807318981 0.0959105387912112 -0.00981581933671796 0.9953415585815402 68.36524685417888
0.9948871613228215 0.02713306576537291 -0.0972796637390754 -4.852509603731641 -0.025911926719073552 0.9995690483167171 0.013794553306270824 -0.8428037683876076 0.09761202942630068 -0.011203320462529108 0.99516148303775 69.13944556217797
0.9946665108472489 0.02983280982837911 -0.09873467302169707 -4.938281975174437 -0.029016820113687256 0.9995319497420817 0.009690489940355707 -0.8508775583743873 0.09897755477605816 -0.006773839571319695 0.9950666102065807 69.89457580065806
0.9945245140739113 0.029869789087809982 -0.10014382959472812 -5.019342464502278 -0.029775791782298448 0.999553640494414 0.0024335155850423967 -0.8610079093228576 0.10017181804172973 0.0005616709135889932 0.9949699952239768 70.62042720438517
0.9943814126164898 0.028994183050913887 -0.10180836700410319 -5.094146491476468 -0.02949785202932465 0.999558907339115 -0.003444921579932243 -0.868873250600875 0.1016635773937163 0.00642869413224024 0.9947980643946123 71.32906067033562
0.9943051058268768 0.02983341101373936 -0.10230994142255385 -5.173115069957675 -0.030474754377345814 0.9995244349022682 -0.004710984922854988 -0.8751633567673667 0.10212074163577918 0.007802026697481077 0.9947414148949322 72.025307298741
0.9941403645533812 0.03265239454290118 -0.10304735171892214 -5.25210157432893 -0.03294521048042338 0.9994565086044556 -0.0011404010672022055 -0.888127263407487 0.10295410954434574 0.004528635424515519 0.9946757978301896 72.69824368539565
0.9939960254572932 0.03290884010393676 -0.10434993827557355 -5.326687085169381 -0.032963155615923424 0.9994558417526572 0.0012044742958433519 -0.9061919618532093 0.10433279324806231 0.0022424605910559125 0.9945399135397011 73.35465839193324
0.9939754673669813 0.029775219814035695 -0.10548083502520808 -5.397003510168747 -0.030160114075669573 0.999542967051228 -0.0020553679408149856 -0.9195920171523646 0.10537142777590096 0.005224299326739799 0.9944192118543437 73.99144160251585
0.9941626806477256 0.021692864733491753 -0.10568814515819855 -5.452353155121438 -0.022585233350130615 0.9997186055630968 -0.007253752511573631 -0.9340321376220723 0.1055010504300605 0.009598401462401568 0.9943728672120542 74.60526162212476
0.9943209357177359 0.017566283731862118 -0.10496333869144549 -5.507842319090083 -0.01894100339145678 0.9997472049808943 -0.012114640870308826 -0.9460932416061305 0.10472399526339796 0.014033952000183066 0.9944022993775354 75.20469481002822
0.9945879543543188 0.020093815069170226 -0.10193644907124592 -5.573554151742795 -0.02147085666127604 0.999692206824357 -0.01242955867599748 -0.9582842244557203 0.10165531647444544 0.014550952223655442 0.9947132583925211 75.79474179327543
0.9948855397929889 0.02510715136453414 -0.09783861027819521 -5.64157632584399 -0.026166762809213383 0.9996118595131301 -0.009561947750888262 -0.9707500661952918 0.09756056188284565 0.012073163258347371 0.9951563573097656 76.3734323854076
0.9953617041297507 0.023498262517215783 -0.09328938637695185 -5.692628096182991 -0.024223047772094893 0.9996844986573626 -0.00664432846950077 -0.9822945818473393 0.09310382327566899 0.008873263371038363 0.9956168657112042 76.93571289427261
0.9959477391782724 0.019836657403745295 -0.08771891385973646 -5.731658184004574 -0.020137785266462423 0.9997939644158447 -0.0025491806943566103 -0.9946614846785783 0.0876502734179835 0.004305315400416008 0.9961420048512444 77.48480052657897
0.9967035646686081 0.015487942790573299 -0.07963747738975102 -5.763287549524627 -0.015472243680611024 0.9998799661478217 0.0008142307538734333 -1.0101105197764806 0.07964052895589628 0.00042062376143485046 0.9968235597252292 78.0164497536952
0.9974343457770812 0.019094746562135993 -0.06899359765928322 -5.798530931672915 -0.019107435562106114 0.9998173229455265 0.0004760717200662275 -1.0193785192946114 0.06899008458092512 0.0008434404368253349 0.9976169890482757 78.53507005357568
0.998251504581337 0.02423167471816116 -0.05391437230875715 -5.829694790200037 -0.024281191705386593 0.999705133674983 -0.0002635019018773591 -1.0278356674381433 0.05389208968355472 0.0015721463797135373 0.9985455277679137 79.04235475504193
0.9989259874159702 0.02924471029980444 -0.03593909548815602 -5.8461852303315425 -0.029261417896625688 0.9995717911619499 6.112259588102858e-05 -1.0348714092916733 0.03592549356244551 0.0009905719424617091 0.9993539801689503 79.53721130515986
0.999520339901102 0.02765380797682859 -0.013941198957169292 -5.83882049314504 -0.027653305854959925 0.9996175480230907 0.00022882219600121032 -1.0410299220652668 0.013942194923136404 0.00015680779962333612 0.9999027905811847 80.02259311055884
0.9996321572360115 0.02419866010197508 0.01224643086551895 -5.813059482122372 -0.024210654577011662 0.9997065328445796 0.0008321014502803935 -1.0507155963675217 -0.012222701200123424 -0.0011282894752693974 0.9999246634313175 80.49367532668002
0.9988583288146188 0.023131080306151394 0.041797034362906604 -5.773952423036026 -0.02323561924759894 0.9997279819079292 0.0020169750819725787 -1.060432893807543 -0.04173901000076874 -0.002985852335775226 0.9991240862525462 80.9532011187775
0.996924876163694 0.022788248743391127 0.07497657637695787 -5.720807583100964 -0.023081256155380897 0.9997289590192818 0.0030437004639318585 -1.0694736576716584 -0.07488689404889372 -0.004764894273094753 0.9971806500741363 81.40452125615955
0.9933818909811647 0.022802561276622214 0.11257202969613891 -5.646501089246184 -0.023285330938110315 0.9997244321668612 0.0029754145510655127 -1.0762781904463872 -0.11247316139321996 -0.0055769998990397715 0.9936391120715518 81.85311284823926
0.9877369043162514 0.02312663471908523 0.15440520269186378 -5.554099993612349 -0.023772656116671474 0.999714655142946 0.0023386136020892003 -1.0824927796455195 -0.15430705969884922 -0.0059805567459381625 0.9880048402047964 82.2897630593287
0.9795839200689472 0.02286719999323243 0.19973090573774782 -5.441152173023016 -0.02368208668809197 0.9997181091308034 0.0016914626894394184 -1.0911127901810764 -0.19963592440352407 -0.006386974275943963 0.9798493273188229 82.71269602904464
0.968238137143547 0.024852534225315533 0.24879160219623672 -5.307418165999591 -0.025494854849245022 0.9996747481501586 -0.0006405365985056553 -1.1070128413107567 -0.24872660122513496 -0.005722713822794846 0.9685568276510655 83.12069295757424
0.9529515345997619 0.025706088639855695 0.30203074298951044 -5.152014403788155 -0.02568003571662346 0.9996619780223593 -0.004057765643565483 -1.1199137719725687 -0.3020329592437708 -0.0038893062704070907 0.953289549311848 83.51049460842997
0.9333436670750603 0.025988699768058704 0.3580421575949427 -4.974834377881744 -0.025181293395216072 0.9996589617786488 -0.00691828003040102 -1.1301937997003124 -0.35809984863697 -0.002558831764827851 0.9336797902847525 83.88261023200872
0.9091311900621929 0.026751583923188597 0.41564989115083234 -4.777910774723259 -0.025027490398085883 0.9996407033516564 -0.009596297566256172 -1.1384153836764872 -0.41575726569775395 -0.001678380233141554 0.9094740672824713 84.23715284814747
0.8801710037271732 0.027115896190725547 0.473881559434076 -4.559368423924838 -0.024049258197925857 0.9996322292596262 -0.012531536440534462 -1.1455035244934362 -0.4740470835033463 -0.00036660497095702857 0.8804994197742367 84.56980979776974
0.8466494389294602 0.025691011784864694 0.5315305254394121 -4.320632548197069 -0.02068781652377074 0.9996679050154114 -0.01536534833897693 -1.1573194758647598 -0.5317487581630141 0.0020128575630764694 0.8468997618352031 84.88161495718079
0.8097953310725152 0.025304220984201157 0.5861665447409427 -4.063992638670426 -0.018867134851309898 0.999675931479117 -0.01708985792400667 -1.1729589069531443 -0.586409032157296 0.002780003910599439 0.8100103200469738 85.17019752867013
0.7697790713336999 0.024083141198870985 0.6378559270294657 -3.790307132228171 -0.01735326493622375 0.9997082180486974 -0.016803064064386405 -1.1862906529508328 -0.6380744827468644 0.0018657641581610626 0.7699723848239155 85.44218545758477
0.7268767711446213 0.02379342285778114 0.6863556167170762 -3.500567759917258 -0.018056271676426715 0.9997162895384867 -0.015534203698554756 -1.1962623113955768 -0.6865305023256547 -0.0011015716553766694 0.7271001691076495 85.69562335908654
0.6816037441267263 0.02288832378451261 0.7313634258197228 -3.195507272642731 -0.016429023295357312 0.9997373935424105 -0.015975955263728126 -1.2057743183573264 -0.7315370278981017 -0.001126315836406433 0.6818007833866495 85.92622531177079
0.6350711206627526 0.021654988945685877 0.7721500716531181 -2.875382614045054 -0.012400935973573413 0.9997639652029577 -0.017839020955176504 -1.2175991711389487 -0.7723541211692563 0.0017536634289697804 0.635189763911104 86.13258761339534
0.5882249043632444 0.019165163596836357 0.8084702581982568 -2.5430486654894877 -0.005837083117712799 0.9997937208229181 -0.01945364397081803 -1.2279600822962957 -0.8086763198879564 0.006724009768949049 0.5882154344669129 86.31663338996557
0.5412336619500028 0.021317608450474073 0.8406019764086567 -2.209140638286704 -0.006799651879797855 0.9997568625650136 -0.02097571187053155 -1.2405377165428453 -0.8408447466128948 0.005636960538646979 0.5412470201020814 86.49005695853764
0.49350506222722273 0.024310985649846698 0.869403088062629 -1.8707128539672595 -0.009743238323074681 0.9997010750223969 -0.02242386911406734 -1.2538656681591789 -0.8696883481242488 0.0025954914367015843 0.4935944089646051 86.6521699796043
0.44782343533281077 0.0265170972984901 0.8937287140500634 -1.5252225908993196 -0.009531772712237386 0.9996449144400008 -0.024883535584932608 -1.2668829185868469 -0.8940712030233845 0.002624611420145319 0.4479171746419328 86.79156017292989
0.40548283377093636 0.024025311669570285 0.9137868766382394 -1.1726802328345238 -0.0016273166548766468 0.999671932069381 -0.025561300302930058 -1.2789717087013455 -0.9141012106750522 0.00887764787834082 0.4053889046465784 86.90228765755928
0.3661436191141622 0.016485775505348067 0.9304123114984929 -0.8091820605768935 0.013920340884467678 0.9996341489396041 -0.023190351085197295 -1.289609678190233 -0.9304542300896075 0.021442655614026706 0.36578017746807306 86.9899740141673
0.3308751797326063 0.012905285297854202 0.943586280659217 -0.44322710427157697 0.018656424156857525 0.9996216009281241 -0.02021367842760299 -1.298881979414231 -0.9434900917734089 0.02429215036336019 0.33050921039530695 87.0789098574153
0.2976208385171665 0.017049909638348456 0.9545318942087063 -0.0780397046991636 0.016528389072912278 0.9995986322075657 -0.02300840810267573 -1.312081236486977 -0.9545410671285935 0.022624656242448936 0.29721957555806794 87.17364633283418
0.2662490907882921 0.024746744679415428 0.9635865401105278 0.28999508731629564 0.006012408796743212 0.9996082983730543 -0.027333144059715053 -1.332857207367215 -0.9638855080323959 0.013070900944468411 0.2659960130408563 87.27409038459005
0.2376999516055546 0.02908172385759114 0.970903180726166 0.6719312068121612 0.0016099660560120973 0.9995385337673193 -0.03033360386729425 -1.3568555870311976 -0.9713372951843334 0.008773417335921194 0.2375434405161177 87.36015468065499
0.2121150156666556 0.03074689184521127 0.9767608964176401 1.0639753279320376 0.0033684314706425153 0.999475981357781 -0.032193421041106424 -1.377688788676472 -0.9772389031338056 0.010118860151283686 0.21190029464603585 87.42414274084868
0.1890284946246902 0.03202255512337395 0.9814493283829239 1.4601500962725824 0.011154189817510865 0.9993336360705832 -0.034754393498719616 -1.3954803392930715 -0.9819082504335318 0.01751684278970876 0.18854534719595256 87.46660657747063
0.16909106429356946 0.03848399678268612 0.9848488178231706 1.8962248652037328 0.0182219906736014 0.99894454724871 -0.04216337958421938 -1.402302186342388 -0.9854319717930611 0.02507535670139057 0.16821134163408524 87.51460822990826
0.1494443285429803 0.04527706474203517 0.987732949776751 2.3198060984318873 0.02068683439553858 0.9985892006720828 -0.048904633561496706 -1.4089036724400965 -0.988553715054994 0.02774158808428682 0.14829685344447627 87.56451716639363
0.13185191311221975 0.046092079161274856 0.9901972496665686 2.7602831526418603 0.01859269467760355 0.9986276610228993 -0.04896025270115084 -1.4293550916239244 -0.9910950432290911 0.024865938118757723 0.13081399163774907 87.61764306369909
0.11627849362862755 0.04173441623861111 0.9923394330674752 3.215403812616067 0.01673982113300054 0.9988925284618845 -0.04397152455238374 -1.4595078625547833 -0.9930755712975187 0.021724527250278066 0.11545109184351436 87.666036816519
0.10179119161241962 0.03852046449422745 0.9940597200999904 3.68201543815984 0.017363807836122087 0.9990290141991894 -0.04049107266581754 -1.4878424566471466 -0.994654237153572 0.021382296493764157 0.10102349186748046 87.70675099967683
0.08853345832146169 0.03614773692532174 0.9954170823694047 4.162731763842897 0.01987797333149824 0.9990781581563357 -0.03804865399956465 -1.510946189612097 -0.995874837986117 0.023155453140114975 0.0877333007244211 87.74015294093763
0.07701918424443573 0.03537447034815697 0.996401872793256 4.65946290570217 0.02380380419143912 0.9990202884911495 -0.03730739992385533 -1.533456297123371 -0.996745415923413 0.02659154058437014 0.07610168069768582 87.76637887760229
0.06698404632996365 0.03609534909342802 0.9971009293502276 5.171960020269493 0.027187571180523437 0.9989083082110931 -0.037987205216470435 -1.5547041364843446 -0.9973835638863162 0.02965328920504126 0.06592957552383409 87.7907375714235
0.059143470351109416 0.03666957109635587 0.9975757577599987 5.70044434792309 0.029305079468397378 0.9988306014427414 -0.038453113513535774 -1.5779221822969465 -0.9978192532879785 0.031508287435899125 0.05799970336715884 87.8159765669365
0.053675772849214466 0.037095028136362104 0.9978691649192298 6.252273237421201 0.03135041222785597 0.9987545256036999 -0.03881429168842494 -1.600296880133302 -0.9980661616657401 0.03336699677365529 0.05244597662475034 87.84115152218465
0.04814244141158567 0.038205699034988556 0.9981095280059094 6.818192106991298 0.032577293023262316 0.998676515000877 -0.03979872315768551 -1.6244285270123358 -0.9983090830570504 0.034431714261033336 0.046834087359934946 87.86524776665384
0.04210231883398531 0.03886953643386946 0.9983569270988291 7.400068119497799 0.03303073060505045 0.9986425820102628 -0.04027361706594801 -1.649938625564293 -0.9985671562716741 0.03467207137299577 0.04076127920230013 87.88865418448131
0.03773374993751695 0.03903217239238077 0.9985252393575154 8.002181892698646 0.03527467664045402 0.9985620826124944 -0.0403666242892752 -1.6755310068258316 -0.9986650395921369 0.0367458390424215 0.036302644662670386 87.90971888174293
0.0348164955365542 0.03904097412637452 0.9986308697300598 8.620475961945473 0.03677842230562403 0.9985097730695345 -0.040318491258205094 -1.7031021709006129 -0.9987167562884195 0.03813181642529664 0.03332874562363852 87.92732906879259
0.03176026434792325 0.038626654342185304 0.9987488509044095 9.257937196073666 0.03765594426370174 0.9984972931893759 -0.039814386283109245 -1.731272961426436 -0.9987859207408558 0.038873346496294446 0.03025801483937787 87.94676885539373
0.02935963082696522 0.03810855924117026 0.9988422046500965 9.912863290204626 0.03970342272874292 0.9984399189646237 -0.039260239957754677 -1.7602878993287445 -0.9987800810495406 0.04081012044187007 0.027800787186570978 87.96396550331013
0.028718198015732714 0.037872196563312095 0.9988698422868707 10.584579909245818 0.044026006266372805 0.9982643568546877 -0.03911501764964466 -1.789537980492918 -0.9986175323290505 0.04509956275806394 0.02700099190898339 87.97836854104905
0.029790234262770065 0.03757534359672502 0.998849656102537 11.27284658121518 0.04737788604296949 0.9981169228831833 -0.038960802973076816 -1.8213441408692885 -0.9984327107305071 0.04848403662851882 0.027953896607374257 87.99412552784979
0.03221439915526274 0.03753298356364676 0.9987760047337318 11.976495311586538 0.04878691427983939 0.998044419943352 -0.03907905852232915 -1.8540918134056987 -0.9982895719590167 0.0499861077175552 0.03032028286695164 88.01699197802598
0.03608463789740751 0.03738244155950132 0.9986493138088378 12.684905749729792 0.05118636755644056 0.9979193107659208 -0.03920465504055524 -1.889381031453765 -0.9980370006588882 0.05253191661763751 0.03409608558599701 88.04187871749474
0.04048320982976965 0.036935873960933556 0.9984972964092691 13.418059864412424 0.05154709820647416 0.9979086041901273 -0.03900402991751616 -1.9215578972530116 -0.9978496912803906 0.053048646524264935 0.03849460629195534 88.07126409288325
0.0444424673762696 0.03526636790753866 0.9983892779813484 14.160663284143121 0.052776872914209766 0.9978982745340338 -0.03759834261504145 -1.957262674349967 -0.9976168947942423 0.05436282715800202 0.04248781289361266 88.1060992548458
0.04839494434409747 0.03363868176091472 0.9982616733358635 14.914250164349662 0.05249031383515653 0.9979660572331484 -0.03617340962660398 -1.9927131308629762 -0.9974480920405924 0.054149678668623705 0.0465308068344653 88.1446184069894
0.05240949234215421 0.03160231141456234 0.9981255126614554 15.689864864390536 0.04949208275898205 0.9981887025576036 -0.03420303832335434 -2.024816860281266 -0.9973985055415991 0.05119187435157834 0.050750498950812975 88.1946790107003
0.05628336107601526 0.03064043919839198 0.9979445609610362 16.480791844193057 0.048364520264185196 0.9982718908304022 -0.03337821381547732 -2.0583717834287687 -0.9972427269454519 0.050143748001382334 0.05470418714112991 88.25009750277766
0.06022828895158492 0.0316621923219058 0.9976823436281379 17.270390876591247 0.045384057293485075 0.998376320644917 -0.034423970124066124 -2.093593289688427 -0.9971523657664083 0.04735216946341083 0.0586935387718476 88.30552531373688
0.06343153159340258 0.03572721643705168 0.9973464828259907 18.063870595505257 0.043229090927839026 0.9983226456632056 -0.03851156778908899 -2.1330453717072895 -0.9970494904954652 0.04555722952157023 0.06178067935083902 88.35873676141293
0.06478876853752304 0.041019295709634 0.9970555816256564 18.85672307616601 0.03749518014107312 0.9983491785321005 -0.043508955290516946 -2.1714831597976554 -0.9971943275698969 0.04020367027734314 0.06314378796564989 88.41500610194473
0.06468316149102869 0.044206137592684235 0.9969262289751741 19.663125494086373 0.034737222967120736 0.9983131159825814 -0.046521476735862176 -2.211416350480505 -0.997301064854569 0.03763960489018838 0.06303845004164109 88.47153989087735
0.0648121161267891 0.04376683339082231 0.9969372366895054 20.468264963172526 0.032385985856617096 0.9984192046023023 -0.04593734647761897 -2.256791649835499 -0.9973718150836537 0.03526409188182522 0.06329222938471675 88.52824920241027
0.06479757514924221 0.042034920379675225 0.9970127079046948 21.28590861063231 0.02946091007594863 0.9985963203990298 -0.04401640220439012 -2.304959742648589 -0.9974634474667604 0.03222505786179646 0.06346823310545767 88.58579889200281
0.06468536296495937 0.04093011366051841 0.9970659605130585 22.10791779786286 0.03041509479044924 0.998613425089514 -0.042966838839752074 -2.3494085513263263 -0.997442091465454 0.03310518126714125 0.06335077857682804 88.6415996882157
0.06513427109000501 0.04027671812976708 0.9970633443800191 22.925808778003713 0.027888320553472516 0.9987213373871003 -0.04216552886460875 -2.396479838234369 -0.9974867258797384 0.030552843147908168 0.06392773630669903 88.69967164386284
0.06509707314587067 0.04065737036983683 0.997050324358029 23.74436916315407 0.02619299679627401 0.9987557379757621 -0.04243704489387753 -2.4433634196807885 -0.9975351111548261 0.02887826336718514 0.06395113695802424 88.76220272689318
0.06509545186244405 0.0413316588376354 0.9970227059222638 24.55992686807778 0.02325077105472939 0.998807768196267 -0.0429236978387959 -2.488849179591953 -0.9976081313783405 0.025975684178188768 0.06405685005750932 88.82423179093568
0.06381988733931446 0.04275282663746119 0.9970452436045738 25.371251482774042 0.020434797042847733 0.9988164811594853 -0.044136787762642016 -2.5348708415522254 -0.997752194209471 0.023191222018127167 0.06287070996490442 88.88231169922393
0.0609196189358551 0.0424472866331155 0.9972397043269968 26.18569479572389 0.017455660893586904 0.9988972517526378 -0.04358417538280697 -2.5793729862641666 -0.9979900299759898 0.020062609464306998 0.060111494491523185 88.93998099537414
0.05693720014177746 0.041244880461244804 0.997525445828703 27.000392499250378 0.014977450412019526 0.9989985751035387 -0.042160679788858305 -2.6241137022426817 -0.9982654112104502 0.01734089896287869 0.05626243866016287 88.99325546845641
0.05201131748215652 0.03887587269859209 0.9978895176199081 27.812399225755414 0.013114598237156464 0.9991292388012242 -0.03960772002486937 -2.668547665544986 -0.9985603788288651 0.015146969809612791 0.05145618659343514 89.04148814160692
0.04560857643875427 0.036901581419723585 0.9982775821603694 28.62646491685065 0.01098529588347844 0.9992385326837204 -0.03743899136518255 -2.7125858226273465 -0.9988989843971116 0.012673913713343917 0.04516847220799035 89.08511373148266
0.03817830800222898 0.03715892535664768 0.9985798070582169 29.434592518878006 0.01042570253892578 0.999239157203305 -0.03758206271883883 -2.756373415409831 -0.999216553868407 0.011845715595605792 0.03776185240916112 89.11934574344237
0.029415602994015574 0.03819205631032057 0.9988373687118877 30.23638678018987 0.010397729437710262 0.9992040286779881 -0.03851228760048888 -2.7973792374285917 -0.9995131862677133 0.011518502874587992 0.028995078349428362 89.14584009410014
